name:none
pnts:157.440000
time:0.984000
name:none
pnts:430.505650
time:11.387000
name:none
pnts:761.045150
time:6.384000
name:none
pnts:34016.621650
time:63.475000
